*** Distance des vecteurs pour chaque entrée ***

DE - Auch ich, auch du, Aufzeichnungen eines Irren. - Hans Siemsen.txt
[1.05] [1.07] [0.91] [0.85] [0.82] [0.68] !0.45! 
[1.02] [1.01] [0.91] [0.85] [0.86] [0.68] [0.52] 
[1.07] [1.06] [0.87] [0.85] [0.82] [0.82] [0.69] 
[1.16] [1.09] [0.89] [0.86] [0.80] [0.80] [0.78] 
[1.11] [1.09] [1.08] [1.06] [1.07] [1.06] [1.03] 
[1.10] [1.10] [1.14] [1.21] [1.16] [1.13] [1.15] 
[1.17] [1.15] [1.19] [1.21] [1.16] [1.13] [1.17] 

DE - Aus dem Leben der Antike - Theodor Birt.txt
[0.97] [1.00] [0.82] [0.72] [0.67] [0.54] !0.23! 
[0.95] [0.93] [0.81] [0.73] [0.73] [0.54] [0.37] 
[0.99] [0.98] [0.76] [0.73] [0.68] [0.67] [0.53] 
[1.09] [1.01] [0.78] [0.74] [0.68] [0.67] [0.65] 
[1.04] [1.02] [1.01] [0.99] [1.01] [0.99] [0.95] 
[1.02] [1.04] [1.08] [1.16] [1.10] [1.07] [1.09] 
[1.11] [1.09] [1.13] [1.16] [1.10] [1.07] [1.11] 

DE - Die Falkner vom Falkenhof. Erster Band. - Eufemia von Adlersfeld-Ballestrem.txt
[0.99] [1.02] [0.84] [0.76] [0.71] [0.57] !0.24! 
[0.96] [0.94] [0.83] [0.76] [0.76] [0.57] [0.40] 
[1.00] [0.98] [0.78] [0.76] [0.71] [0.71] [0.57] 
[1.09] [1.02] [0.79] [0.76] [0.71] [0.70] [0.68] 
[1.04] [1.02] [1.01] [0.99] [1.01] [1.00] [0.96] 
[1.03] [1.04] [1.08] [1.16] [1.10] [1.07] [1.09] 
[1.11] [1.10] [1.13] [1.17] [1.10] [1.07] [1.12] 

DE - Die Frauenfrage im Mittelalter - Karl Bücher.txt
[1.01] [1.03] [0.84] [0.71] [0.65] [0.53] !0.29! 
[0.98] [0.97] [0.83] [0.71] [0.70] [0.53] [0.39] 
[1.03] [1.01] [0.78] [0.71] [0.66] [0.65] [0.53] 
[1.12] [1.04] [0.78] [0.74] [0.67] [0.67] [0.65] 
[1.07] [1.05] [1.04] [1.02] [1.03] [1.02] [0.98] 
[1.05] [1.06] [1.11] [1.19] [1.13] [1.09] [1.11] 
[1.13] [1.12] [1.16] [1.20] [1.13] [1.09] [1.13] 

DE - Die moderne Ehe und wie man sie ertragen soll - Maud Churton Braby.txt
[1.00] [1.03] [0.85] [0.75] [0.70] [0.57] !0.27! 
[0.98] [0.96] [0.84] [0.75] [0.75] [0.57] [0.39] 
[1.02] [1.00] [0.79] [0.76] [0.70] [0.70] [0.56] 
[1.11] [1.04] [0.80] [0.77] [0.71] [0.70] [0.69] 
[1.06] [1.04] [1.04] [1.02] [1.03] [1.02] [0.98] 
[1.05] [1.06] [1.10] [1.18] [1.13] [1.09] [1.11] 
[1.14] [1.12] [1.16] [1.19] [1.13] [1.09] [1.14] 

DE - Wie wir einst so glücklich waren! - Wilhelm Speyer.txt
[1.01] [1.03] [0.86] [0.77] [0.72] [0.59] !0.29! 
[0.99] [0.97] [0.85] [0.77] [0.77] [0.59] [0.42] 
[1.04] [1.02] [0.81] [0.77] [0.73] [0.72] [0.59] 
[1.13] [1.06] [0.82] [0.79] [0.72] [0.72] [0.70] 
[1.08] [1.06] [1.04] [1.02] [1.04] [1.03] [0.99] 
[1.06] [1.07] [1.11] [1.19] [1.13] [1.10] [1.12] 
[1.14] [1.13] [1.16] [1.19] [1.13] [1.10] [1.15] 

EN - A Room with a View - E. M. Forster.txt
[0.43] !0.33! [0.54] [0.92] [1.06] [1.04] [1.06] 
[0.53] [0.53] [0.58] [0.92] [1.08] [1.04] [1.03] 
[0.89] [0.88] [0.75] [0.91] [1.05] [1.05] [0.99] 
[1.10] [1.04] [0.95] [0.96] [0.98] [0.98] [0.97] 
[1.05] [1.02] [1.01] [1.01] [0.99] [0.98] [0.97] 
[1.05] [1.05] [1.05] [1.13] [1.06] [1.01] [1.03] 
[1.14] [1.10] [1.11] [1.13] [1.06] [1.01] [1.05] 

EN - Alice_s Adventures in Wonderland - Lewis Carroll.txt
[0.49] !0.38! [0.59] [0.95] [1.09] [1.07] [1.09] 
[0.59] [0.58] [0.63] [0.95] [1.11] [1.07] [1.06] 
[0.92] [0.92] [0.79] [0.94] [1.07] [1.07] [1.02] 
[1.14] [1.08] [0.98] [0.99] [1.01] [1.01] [1.01] 
[1.09] [1.05] [1.04] [1.04] [1.02] [1.01] [1.00] 
[1.08] [1.08] [1.09] [1.16] [1.09] [1.04] [1.06] 
[1.17] [1.13] [1.14] [1.16] [1.09] [1.04] [1.08] 

EN - Moby Dick_ Or, The Whale - Herman Melville.txt
[0.34] !0.25! [0.48] [0.90] [1.05] [1.03] [1.06] 
[0.47] [0.46] [0.53] [0.90] [1.08] [1.03] [1.03] 
[0.87] [0.86] [0.73] [0.90] [1.04] [1.04] [0.98] 
[1.09] [1.03] [0.94] [0.95] [0.97] [0.97] [0.97] 
[1.04] [1.01] [1.00] [1.00] [0.99] [0.97] [0.96] 
[1.04] [1.04] [1.05] [1.12] [1.05] [1.01] [1.03] 
[1.13] [1.10] [1.10] [1.12] [1.05] [1.01] [1.06] 

EN - On horse-breaking - Robert Moreton.txt
[0.33] !0.27! [0.47] [0.89] [1.05] [1.03] [1.05] 
[0.46] [0.45] [0.52] [0.90] [1.07] [1.03] [1.02] 
[0.87] [0.86] [0.72] [0.89] [1.03] [1.03] [0.98] 
[1.09] [1.03] [0.93] [0.95] [0.96] [0.96] [0.96] 
[1.04] [1.01] [1.00] [1.00] [0.99] [0.98] [0.96] 
[1.04] [1.04] [1.05] [1.12] [1.05] [1.00] [1.02] 
[1.13] [1.09] [1.10] [1.12] [1.05] [1.00] [1.04] 

EN - The Complete Works of William Shakespeare - William Shakespeare.txt
[0.30] !0.29! [0.48] [0.89] [1.04] [1.02] [1.04] 
[0.45] [0.44] [0.53] [0.89] [1.07] [1.02] [1.01] 
[0.82] [0.81] [0.69] [0.88] [1.03] [1.03] [0.97] 
[1.05] [1.00] [0.91] [0.93] [0.95] [0.95] [0.95] 
[1.01] [0.97] [0.97] [0.97] [0.96] [0.95] [0.94] 
[1.02] [1.01] [1.01] [1.09] [1.02] [0.99] [1.02] 
[1.12] [1.07] [1.07] [1.09] [1.02] [0.99] [1.04] 

EN - The Picture of Dorian Gray - Oscar Wilde.txt
[0.38] !0.27! [0.50] [0.89] [1.04] [1.02] [1.06] 
[0.50] [0.49] [0.54] [0.89] [1.07] [1.02] [1.02] 
[0.87] [0.86] [0.72] [0.89] [1.03] [1.03] [0.98] 
[1.09] [1.03] [0.93] [0.94] [0.96] [0.96] [0.96] 
[1.05] [1.01] [1.00] [1.00] [0.98] [0.97] [0.96] 
[1.04] [1.04] [1.04] [1.12] [1.05] [1.01] [1.03] 
[1.13] [1.09] [1.10] [1.12] [1.05] [1.01] [1.05] 

ES - De Las Islas Filipinas - Luis Prudencio Alvarez y Tejero.txt
[1.01] [1.06] [0.96] [0.99] [1.05] [1.03] [1.08] 
[0.93] [0.93] [0.91] [0.99] [1.07] [1.03] [1.04] 
[0.87] [0.86] [0.85] [0.98] [1.02] [1.02] [0.94] 
[0.91] [0.83] [0.79] [0.82] [0.86] [0.86] [0.87] 
[0.74] [0.68] [0.53] [0.59] [0.64] [0.66] [0.74] 
[0.41] [0.40] [0.57] [0.64] [0.65] [0.81] [0.87] 
!0.31! [0.36] [0.56] [0.66] [0.65] [0.81] [0.93] 

ES - El tratado de la pintura - Leon Battista Alberti and da Vinci Leonardo.txt
[1.01] [1.07] [0.96] [1.00] [1.05] [1.04] [1.08] 
[0.94] [0.93] [0.91] [1.00] [1.07] [1.03] [1.04] 
[0.88] [0.87] [0.85] [0.98] [1.02] [1.02] [0.95] 
[0.92] [0.84] [0.80] [0.83] [0.87] [0.87] [0.88] 
[0.75] [0.69] [0.55] [0.61] [0.64] [0.65] [0.72] 
[0.41] [0.40] [0.59] [0.67] [0.66] [0.78] [0.84] 
!0.32! [0.37] [0.59] [0.68] [0.66] [0.78] [0.89] 

ES - Los Merodeadores de Fronteras - Gustave Aimard.txt
[0.99] [1.05] [0.95] [0.98] [1.04] [1.02] [1.07] 
[0.92] [0.92] [0.89] [0.98] [1.05] [1.02] [1.03] 
[0.87] [0.86] [0.83] [0.97] [1.01] [1.00] [0.93] 
[0.92] [0.84] [0.79] [0.81] [0.85] [0.85] [0.86] 
[0.74] [0.68] [0.52] [0.59] [0.61] [0.63] [0.70] 
[0.38] [0.37] [0.56] [0.65] [0.64] [0.77] [0.83] 
!0.24! [0.33] [0.55] [0.66] [0.64] [0.77] [0.88] 

ES - Los valores literarios - Azorín.txt
[0.99] [1.05] [0.94] [0.97] [1.02] [1.01] [1.06] 
[0.92] [0.92] [0.89] [0.97] [1.04] [1.01] [1.02] 
[0.87] [0.86] [0.83] [0.95] [0.99] [0.99] [0.92] 
[0.92] [0.83] [0.78] [0.80] [0.84] [0.84] [0.85] 
[0.74] [0.68] [0.53] [0.59] [0.62] [0.63] [0.70] 
[0.37] [0.36] [0.57] [0.65] [0.64] [0.78] [0.84] 
!0.19! [0.31] [0.56] [0.66] [0.64] [0.78] [0.89] 

ES - Salta - Juan Carlos Dávalos.txt
[1.00] [1.05] [0.95] [0.98] [1.04] [1.02] [1.07] 
[0.93] [0.92] [0.90] [0.98] [1.05] [1.02] [1.03] 
[0.88] [0.87] [0.84] [0.97] [1.00] [1.00] [0.93] 
[0.92] [0.84] [0.79] [0.82] [0.85] [0.86] [0.86] 
[0.74] [0.69] [0.54] [0.61] [0.63] [0.64] [0.70] 
[0.38] [0.38] [0.59] [0.67] [0.65] [0.77] [0.83] 
!0.21! [0.34] [0.58] [0.67] [0.65] [0.77] [0.88] 

ES - Tres relatos porteños - Arturo Cancela.txt
[1.00] [1.06] [0.95] [0.99] [1.04] [1.03] [1.08] 
[0.93] [0.93] [0.90] [0.99] [1.06] [1.03] [1.04] 
[0.87] [0.87] [0.84] [0.97] [1.01] [1.01] [0.94] 
[0.92] [0.84] [0.79] [0.82] [0.86] [0.86] [0.87] 
[0.74] [0.68] [0.53] [0.60] [0.63] [0.63] [0.70] 
[0.36] [0.36] [0.58] [0.67] [0.65] [0.77] [0.82] 
!0.18! [0.31] [0.57] [0.67] [0.65] [0.77] [0.88] 

FR - cooper_dernier_des_mohicans_source.txt
[0.87] [0.98] [0.90] [0.98] [1.05] [1.04] [1.07] 
[0.70] [0.71] [0.77] [0.98] [1.07] [1.04] [1.04] 
[0.29] [0.30] [0.68] [0.97] [1.03] [1.04] [0.98] 
!0.15! [0.20] [0.62] [0.81] [0.93] [0.94] [0.94] 
[0.25] [0.36] [0.66] [0.78] [0.85] [0.86] [0.86] 
[0.63] [0.72] [0.78] [0.96] [0.92] [0.93] [0.96] 
[0.92] [0.90] [0.94] [0.98] [0.92] [0.93] [1.00] 

FR - defoe_robinson_crusoe_1_source.txt
[0.87] [0.98] [0.89] [0.97] [1.05] [1.04] [1.08] 
[0.70] [0.72] [0.77] [0.97] [1.07] [1.04] [1.04] 
[0.36] [0.37] [0.68] [0.97] [1.03] [1.04] [0.98] 
!0.23! [0.29] [0.62] [0.80] [0.93] [0.94] [0.94] 
[0.34] [0.42] [0.66] [0.77] [0.85] [0.85] [0.86] 
[0.66] [0.73] [0.78] [0.95] [0.91] [0.93] [0.96] 
[0.94] [0.90] [0.94] [0.97] [0.91] [0.93] [1.00] 

FR - defoe_robinson_crusoe_2_source.txt
[0.87] [0.98] [0.90] [0.98] [1.06] [1.04] [1.08] 
[0.70] [0.71] [0.77] [0.98] [1.08] [1.04] [1.05] 
[0.33] [0.34] [0.68] [0.97] [1.04] [1.04] [0.98] 
!0.20! [0.24] [0.62] [0.80] [0.93] [0.94] [0.95] 
[0.30] [0.39] [0.66] [0.77] [0.86] [0.86] [0.87] 
[0.65] [0.73] [0.78] [0.96] [0.92] [0.94] [0.98] 
[0.93] [0.90] [0.94] [0.97] [0.92] [0.94] [1.02] 

FR - dumas_othon_archer_source.txt
[0.88] [0.99] [0.91] [0.98] [1.06] [1.04] [1.07] 
[0.71] [0.72] [0.77] [0.98] [1.08] [1.04] [1.04] 
[0.36] [0.36] [0.68] [0.98] [1.04] [1.04] [0.98] 
!0.29! [0.30] [0.63] [0.82] [0.94] [0.95] [0.95] 
[0.34] [0.42] [0.68] [0.81] [0.86] [0.86] [0.85] 
[0.66] [0.74] [0.80] [0.98] [0.93] [0.91] [0.94] 
[0.94] [0.92] [0.96] [1.00] [0.93] [0.91] [0.97] 

FR - jules_verne_20000_lieues_sous_les_mers_source.txt
[0.87] [0.98] [0.90] [0.99] [1.07] [1.05] [1.08] 
[0.70] [0.71] [0.77] [0.99] [1.09] [1.05] [1.05] 
[0.32] [0.33] [0.69] [0.98] [1.05] [1.05] [0.99] 
!0.21! [0.24] [0.63] [0.82] [0.94] [0.95] [0.95] 
[0.28] [0.37] [0.66] [0.78] [0.85] [0.85] [0.86] 
[0.63] [0.72] [0.78] [0.95] [0.91] [0.93] [0.96] 
[0.91] [0.89] [0.93] [0.97] [0.91] [0.93] [1.00] 

FR - jules_verne_ecole_des-robinsons_source.txt
[0.87] [0.98] [0.90] [0.97] [1.04] [1.03] [1.06] 
[0.71] [0.72] [0.77] [0.97] [1.07] [1.03] [1.03] 
[0.35] [0.35] [0.68] [0.97] [1.03] [1.03] [0.97] 
!0.25! [0.28] [0.62] [0.81] [0.93] [0.94] [0.94] 
[0.32] [0.41] [0.67] [0.80] [0.86] [0.86] [0.86] 
[0.65] [0.73] [0.80] [0.97] [0.93] [0.93] [0.96] 
[0.93] [0.91] [0.95] [0.99] [0.92] [0.93] [1.00] 

IT - Colei che non si deve amare, romanzo - Guido da Verona.txt
[0.98] [1.02] [0.98] [1.08] [1.16] [1.13] [1.14] 
[0.92] [0.92] [0.93] [1.08] [1.18] [1.13] [1.12] 
[0.93] [0.93] [0.92] [1.07] [1.13] [1.13] [1.06] 
[1.02] [0.96] [0.94] [0.98] [1.02] [1.01] [1.01] 
[0.93] [0.88] [0.84] [0.87] [0.64] [0.59] [0.47] 
[0.86] [0.84] [0.87] [0.96] [0.76] [0.42] !0.39! 
[0.92] [0.89] [0.92] [0.95] [0.76] [0.42] [0.44] 

IT - Gli duoi fratelli rivali - Giambattista della Porta.txt
[0.98] [1.02] [0.98] [1.08] [1.15] [1.12] [1.13] 
[0.94] [0.94] [0.93] [1.08] [1.17] [1.12] [1.11] 
[0.96] [0.96] [0.93] [1.07] [1.13] [1.12] [1.05] 
[1.05] [0.99] [0.96] [0.99] [1.01] [1.01] [1.01] 
[0.97] [0.92] [0.88] [0.90] [0.71] [0.68] [0.57] 
[0.90] [0.88] [0.91] [0.98] [0.82] [0.37] [0.34] 
[0.96] [0.92] [0.95] [0.98] [0.82] [0.37] !0.23! 

IT - Il Falco (Cronaca del 1796) - Alessandro Varaldo.txt
[0.97] [1.01] [0.97] [1.07] [1.14] [1.12] [1.13] 
[0.92] [0.92] [0.92] [1.07] [1.16] [1.12] [1.11] 
[0.93] [0.92] [0.91] [1.06] [1.12] [1.12] [1.04] 
[1.01] [0.95] [0.93] [0.97] [1.00] [1.00] [1.00] 
[0.92] [0.87] [0.83] [0.86] [0.64] [0.59] [0.46] 
[0.84] [0.83] [0.86] [0.94] [0.75] [0.37] !0.33! 
[0.91] [0.87] [0.90] [0.94] [0.75] [0.37] [0.39] 

IT - Le bocche inutili, dramma in tre atti - Annie Vivanti.txt
[0.98] [1.02] [0.97] [1.08] [1.15] [1.13] [1.14] 
[0.93] [0.92] [0.93] [1.08] [1.17] [1.13] [1.12] 
[0.94] [0.93] [0.92] [1.07] [1.13] [1.13] [1.05] 
[1.02] [0.97] [0.95] [0.98] [1.01] [1.01] [1.01] 
[0.94] [0.89] [0.85] [0.88] [0.70] [0.66] [0.57] 
[0.87] [0.86] [0.88] [0.96] [0.80] [0.52] !0.51! 
[0.94] [0.90] [0.93] [0.96] [0.80] [0.52] [0.53] 

IT - Minerva e lo scimmione - Ettore Romagnoli.txt
[0.97] [1.01] [0.96] [1.06] [1.13] [1.10] [1.11] 
[0.91] [0.91] [0.91] [1.06] [1.15] [1.10] [1.09] 
[0.91] [0.91] [0.90] [1.05] [1.11] [1.10] [1.02] 
[0.99] [0.93] [0.92] [0.95] [0.99] [0.98] [0.98] 
[0.90] [0.85] [0.81] [0.84] [0.60] [0.55] [0.36] 
[0.83] [0.81] [0.84] [0.92] [0.73] [0.38] !0.32! 
[0.89] [0.86] [0.89] [0.92] [0.72] [0.38] [0.38] 

IT - Una sfida al Polo - Emilio Salgari.txt
[0.98] [1.02] [0.97] [1.07] [1.15] [1.12] [1.13] 
[0.92] [0.92] [0.93] [1.08] [1.17] [1.12] [1.11] 
[0.94] [0.93] [0.92] [1.07] [1.12] [1.12] [1.04] 
[1.02] [0.96] [0.94] [0.97] [1.00] [1.00] [1.00] 
[0.93] [0.88] [0.84] [0.86] [0.65] [0.61] [0.49] 
[0.86] [0.85] [0.86] [0.94] [0.76] [0.43] !0.40! 
[0.93] [0.89] [0.91] [0.94] [0.76] [0.43] [0.46] 

NL - De afsluiting en droogmaking der Zuiderzee. Weerlegging van bezwaren. - Beekman.txt
[0.99] [1.02] [0.72] [0.33] [0.28] [0.38] [0.70] 
[0.97] [0.95] [0.73] [0.33] !0.26! [0.37] [0.55] 
[1.02] [0.99] [0.62] [0.33] [0.28] [0.28] [0.43] 
[1.11] [1.02] [0.60] [0.47] [0.42] [0.42] [0.42] 
[1.05] [1.03] [1.01] [0.97] [1.03] [1.01] [0.98] 
[1.01] [1.03] [1.09] [1.18] [1.13] [1.12] [1.14] 
[1.08] [1.08] [1.15] [1.19] [1.13] [1.12] [1.17] 

NL - Goethe_s Faust - J. D. Bierens de Haan.txt
[0.98] [1.01] [0.71] [0.37] [0.33] [0.40] [0.68] 
[0.96] [0.93] [0.72] [0.37] !0.32! [0.40] [0.54] 
[0.99] [0.97] [0.61] [0.38] [0.33] [0.34] [0.42] 
[1.08] [0.99] [0.58] [0.46] [0.42] [0.42] [0.42] 
[1.03] [1.01] [0.99] [0.95] [1.01] [1.00] [0.97] 
[1.00] [1.02] [1.08] [1.16] [1.12] [1.11] [1.13] 
[1.08] [1.08] [1.13] [1.17] [1.12] [1.11] [1.16] 

NL - Het Auteursrecht in het Nederlandsche en internationale recht - H. L. de Beaufort.txt
[0.96] [0.99] [0.69] [0.30] [0.26] [0.35] [0.67] 
[0.93] [0.91] [0.69] [0.30] !0.24! [0.35] [0.52] 
[0.96] [0.94] [0.58] [0.31] [0.26] [0.26] [0.39] 
[1.05] [0.96] [0.54] [0.43] [0.39] [0.39] [0.39] 
[1.00] [0.98] [0.97] [0.94] [0.99] [0.98] [0.95] 
[0.97] [1.00] [1.06] [1.15] [1.10] [1.09] [1.11] 
[1.06] [1.06] [1.12] [1.16] [1.10] [1.09] [1.14] 

NL - Mijnheer Snepvangers - Lode Baekelmans.txt
[1.02] [1.05] [0.75] [0.38] [0.32] [0.39] [0.69] 
[0.99] [0.97] [0.76] [0.38] !0.30! [0.39] [0.54] 
[1.02] [0.99] [0.64] [0.38] [0.32] [0.32] [0.43] 
[1.10] [1.01] [0.59] [0.47] [0.43] [0.43] [0.43] 
[1.05] [1.03] [1.01] [0.97] [1.03] [1.02] [0.99] 
[1.01] [1.03] [1.09] [1.17] [1.14] [1.13] [1.16] 
[1.08] [1.08] [1.14] [1.18] [1.14] [1.13] [1.18] 

NL - Van Schooljongen tot Koning - A. [Pseudonym.] Bertrand.txt
[1.00] [1.02] [0.71] [0.30] [0.22] [0.32] [0.65] 
[0.97] [0.94] [0.72] [0.30] !0.18! [0.32] [0.49] 
[1.01] [0.98] [0.60] [0.31] [0.23] [0.23] [0.36] 
[1.09] [1.00] [0.55] [0.41] [0.36] [0.36] [0.35] 
[1.04] [1.02] [1.00] [0.95] [1.01] [1.00] [0.97] 
[1.00] [1.02] [1.08] [1.17] [1.12] [1.11] [1.14] 
[1.07] [1.07] [1.13] [1.17] [1.12] [1.11] [1.16] 

NL - Vrouwenkiesrecht - Frederike Swaantje van Balen-Klaar and Aletta H. Jacobs.txt
[0.96] [0.98] [0.66] [0.27] [0.22] [0.33] [0.68] 
[0.94] [0.91] [0.68] [0.27] !0.21! [0.33] [0.51] 
[1.00] [0.97] [0.58] [0.27] [0.23] [0.23] [0.37] 
[1.09] [1.00] [0.55] [0.41] [0.36] [0.36] [0.35] 
[1.04] [1.02] [1.00] [0.95] [1.01] [0.99] [0.97] 
[1.00] [1.02] [1.08] [1.16] [1.12] [1.10] [1.13] 
[1.07] [1.07] [1.13] [1.17] [1.12] [1.10] [1.15] 

PT - A Mãe - Maksim Gorky.txt
[1.00] [1.05] [1.00] [1.08] [1.15] [1.13] [1.16] 
[0.94] [0.94] [0.95] [1.08] [1.17] [1.13] [1.13] 
[0.93] [0.92] [0.91] [1.07] [1.11] [1.11] [1.02] 
[0.99] [0.90] [0.88] [0.88] [0.91] [0.92] [0.93] 
[0.86] [0.70] [0.44] [0.36] [0.41] [0.45] [0.67] 
[0.69] [0.53] [0.31] [0.22] [0.27] [0.72] [0.82] 
[0.69] [0.49] [0.24] !0.19! [0.27] [0.72] [0.89] 

PT - Humus - Raul Brandão.txt
[1.03] [1.08] [1.02] [1.10] [1.16] [1.14] [1.16] 
[0.97] [0.97] [0.97] [1.10] [1.18] [1.14] [1.13] 
[0.94] [0.94] [0.92] [1.08] [1.12] [1.12] [1.02] 
[1.00] [0.91] [0.89] [0.88] [0.91] [0.92] [0.93] 
[0.87] [0.72] [0.48] [0.38] [0.47] [0.52] [0.71] 
[0.70] [0.55] [0.38] !0.27! [0.37] [0.77] [0.87] 
[0.70] [0.51] [0.32] [0.29] [0.37] [0.77] [0.94] 

PT - Luar de Janeiro - Augusto Gil.txt
[1.01] [1.07] [1.01] [1.09] [1.15] [1.13] [1.15] 
[0.95] [0.95] [0.95] [1.09] [1.17] [1.13] [1.13] 
[0.92] [0.92] [0.91] [1.07] [1.11] [1.11] [1.02] 
[0.97] [0.89] [0.88] [0.88] [0.92] [0.92] [0.94] 
[0.85] [0.71] [0.46] [0.39] [0.46] [0.54] [0.72] 
[0.69] [0.56] [0.36] !0.29! [0.37] [0.78] [0.87] 
[0.70] [0.53] [0.33] [0.31] [0.37] [0.78] [0.94] 

PT - Mysterio do Natal - Henrique Coelho Netto.txt
[1.01] [1.06] [1.01] [1.09] [1.16] [1.14] [1.16] 
[0.96] [0.96] [0.96] [1.09] [1.18] [1.14] [1.14] 
[0.94] [0.94] [0.92] [1.08] [1.12] [1.12] [1.03] 
[1.00] [0.92] [0.90] [0.90] [0.93] [0.93] [0.95] 
[0.87] [0.73] [0.49] [0.43] [0.49] [0.53] [0.72] 
[0.70] [0.56] [0.37] [0.31] [0.36] [0.77] [0.87] 
[0.69] [0.52] [0.32] !0.25! [0.36] [0.77] [0.93] 

PT - Orpheu Nº1 - José de Almada Negreiros et al..txt
[1.03] [1.08] [1.01] [1.09] [1.15] [1.13] [1.16] 
[0.97] [0.97] [0.96] [1.09] [1.17] [1.13] [1.13] 
[0.93] [0.93] [0.92] [1.07] [1.11] [1.11] [1.02] 
[0.98] [0.90] [0.88] [0.88] [0.91] [0.92] [0.93] 
[0.85] [0.71] [0.46] [0.38] [0.49] [0.54] [0.73] 
[0.67] [0.52] [0.36] !0.22! [0.39] [0.80] [0.89] 
[0.66] [0.48] [0.31] [0.29] [0.39] [0.80] [0.96] 

PT - Orpheu Nº2 - Alvaro de Campos et al..txt
[1.01] [1.06] [0.99] [1.07] [1.13] [1.11] [1.14] 
[0.95] [0.95] [0.94] [1.07] [1.15] [1.11] [1.11] 
[0.91] [0.91] [0.90] [1.05] [1.09] [1.09] [1.00] 
[0.97] [0.88] [0.86] [0.86] [0.89] [0.90] [0.91] 
[0.83] [0.69] [0.44] [0.38] [0.47] [0.51] [0.70] 
[0.64] [0.50] [0.36] !0.29! [0.38] [0.77] [0.86] 
[0.64] [0.46] [0.31] [0.31] [0.38] [0.77] [0.93] 

